ID	Sample	Time	strain	RA
30301	156	0	Bbv	0.000176905028394466
30301	156	0	Blg	0.0014356910931945
30301	156	0	Bad	0.000541142004567696
30301	156	0	Rint	0.0274744288617129
30301	156	0	Bfr	0.00532281641670604
30301	156	0	Ehal	0.0140897903836603
30301	156	0	Fpr	0.153601216171699
30301	157	3	Bbv	8.96936740640542e-06
30301	157	3	Blg	8.39020253959181e-05
30301	157	3	Bad	1.74261995324448e-06
30301	157	3	Rint	0.0101782843722048
30301	157	3	Bfr	0.00803286294212062
30301	157	3	Ehal	0.010411026643019
30301	157	3	Fpr	0.0768482073463527
30301	158	7	Bbv	5.3123013420644e-06
30301	158	7	Blg	4.97528437520225e-05
30301	158	7	Bad	1.37091647537146e-06
30301	158	7	Rint	0.0234827710357565
30301	158	7	Bfr	0.00747452223132422
30301	158	7	Ehal	0.0136599831251606
30301	158	7	Fpr	0.0885747992307102
30301	159	14	Bbv	2.0843248703982e-06
30301	159	14	Blg	1.95214817129978e-05
30301	159	14	Bad	2.49102240608566e-06
30301	159	14	Rint	0.0109606510983528
30301	159	14	Bfr	0.0068369922724418
30301	159	14	Ehal	0.0120220808293051
30301	159	14	Fpr	0.10890633033865
30303	160	0	Bbv	0.000352528394840391
30303	160	0	Blg	0.00321435578287472
30303	160	0	Bad	0.0221207206447982
30303	160	0	Rint	0.00574170390781819
30303	160	0	Bfr	0.00338491672305063
30303	160	0	Ehal	0.0226925896035391
30303	160	0	Fpr	0.0679429035510761
30303	161	1	Bbv	0.000222360468414314
30303	161	1	Blg	0.00208225927011234
30303	161	1	Bad	0.021714855214972
30303	161	1	Rint	0.00715188990727929
30303	161	1	Bfr	0.00301894686697391
30303	161	1	Ehal	0.0194855308993298
30303	161	1	Fpr	0.122434980326035
30303	162	3	Bbv	7.39452803544513e-05
30303	162	3	Blg	0.000693262894527587
30303	162	3	Bad	0.0039168214327806
30303	162	3	Rint	0.00378957479254413
30303	162	3	Bfr	0.00401928155980768
30303	162	3	Ehal	0.0141677362035609
30303	162	3	Fpr	0.0388553795329544
30303	163	7	Bbv	1.02767740795093e-06
30303	163	7	Blg	4.65257590145059e-05
30303	163	7	Bad	0.000101366362511524
30303	163	7	Rint	0.00530543133115615
30303	163	7	Bfr	0.00320102827532935
30303	163	7	Ehal	0.015062480917899
30303	163	7	Fpr	0.0773302958926163
30303	164	14	Bbv	9.69666316487838e-08
30303	164	14	Blg	1.02784629547711e-05
30303	164	14	Bad	2.84112230730936e-05
30303	164	14	Rint	0.00484968911528227
30303	164	14	Bfr	0.0034561816518576
30303	164	14	Ehal	0.0124129894172558
30303	164	14	Fpr	0.0441781913124492
30302	165	0	Bbv	0.000271078818296731
30302	165	0	Blg	0.00322862154380962
30302	165	0	Bad	0.00377465247272014
30302	165	0	Rint	0.00877037325936825
30302	165	0	Bfr	0.00151223660837586
30302	165	0	Ehal	0.0171473233071182
30302	165	0	Fpr	0.108893895133554
30302	166	1	Bbv	0.00025330425859869
30302	166	1	Blg	0.00308896161970193
30302	166	1	Bad	0.00149994302982346
30302	166	1	Rint	0.00177936929009014
30302	166	1	Bfr	0.00182239376342565
30302	166	1	Ehal	0.0121543671539995
30302	166	1	Fpr	0.0531061225175892
30302	167	3	Bbv	4.0972403488831e-05
30302	167	3	Blg	0.000821185613563424
30302	167	3	Bad	1.56939438808108e-05
30302	167	3	Rint	0.00957453886288521
30302	167	3	Bfr	0.00214452138151322
30302	167	3	Ehal	0.0101728144235415
30302	167	3	Fpr	0.0862367082804667
30302	168	7	Bbv	3.52619537767039e-05
30302	168	7	Blg	0.000679356391439259
30302	168	7	Bad	2.20387211104399e-06
30302	168	7	Rint	0.00166038699789259
30302	168	7	Bfr	0.00314174782639269
30302	168	7	Ehal	0.0082197766872768
30302	168	7	Fpr	0.0580346155529613
30302	169	14	Bbv	3.61238663921531e-05
30302	169	14	Blg	0.000801240909543701
30302	169	14	Bad	2.71059314919475e-06
30302	169	14	Rint	0.019852175717537
30302	169	14	Bfr	0.00178018205073365
30302	169	14	Ehal	0.011090808884261
30302	169	14	Fpr	0.0834780850889593
30305	172	0	Bbv	0.000499094033211037
30305	172	0	Blg	0.00353352597762026
30305	172	0	Bad	0.01782936662928
30305	172	0	Rint	0.020739278155667
30305	172	0	Bfr	0.00273245908397902
30305	172	0	Ehal	0.0205487614340163
30305	172	0	Fpr	0.00774919052086751
30305	173	1	Bbv	0.000208113100010169
30305	173	1	Blg	0.00157782313171851
30305	173	1	Bad	0.0043681152862488
30305	173	1	Rint	0.0151648757640996
30305	173	1	Bfr	0.00232682007650259
30305	173	1	Ehal	0.0284124307636358
30305	173	1	Fpr	0.0288523587333795
30305	174	3	Bbv	1.3571432062711e-05
30305	174	3	Blg	0.000102747700214241
30305	174	3	Bad	0.000184436281710483
30305	174	3	Rint	0.00666456110144703
30305	174	3	Bfr	0.00259713531508133
30305	174	3	Ehal	0.0117508842489959
30305	174	3	Fpr	0.0379370924085569
30305	175	7	Bbv	4.33444335120151e-06
30305	175	7	Blg	4.09422118956866e-05
30305	175	7	Bad	8.8777755386055e-07
30305	175	7	Rint	0.0192197051523633
30305	175	7	Bfr	0.00270448376231354
30305	175	7	Ehal	0.0132841288716697
30305	175	7	Fpr	0.0504436772769836
30305	176	14	Bbv	7.738250050512e-06
30305	176	14	Blg	5.75247853019679e-05
30305	176	14	Bad	5.68988974302353e-07
30305	176	14	Rint	0.00260505911994589
30305	176	14	Bfr	0.00262429094727731
30305	176	14	Ehal	0.0278061497807714
30305	176	14	Fpr	0.0647882140534245
30309	177	0	Bbv	0.000196317121672978
30309	177	0	Blg	0.00171441709715778
30309	177	0	Bad	0.00554499382591658
30309	177	0	Rint	0.00253102428033694
30309	177	0	Bfr	0.00385733555006153
30309	177	0	Ehal	0.0117527316125216
30309	177	0	Fpr	0.124901481224261
30309	178	1	Bbv	3.02543047193402e-05
30309	178	1	Blg	0.000260691258998315
30309	178	1	Bad	0.000299589650780323
30309	178	1	Rint	0.00102655737275075
30309	178	1	Bfr	0.00941229428333387
30309	178	1	Ehal	0.00492457241663174
30309	178	1	Fpr	0.0095685361569916
30309	179	3	Bbv	2.31764232888806e-05
30309	179	3	Blg	0.000195228151589456
30309	179	3	Bad	0.000137508524163008
30309	179	3	Rint	0.00302378513654641
30309	179	3	Bfr	0.0145492580555232
30309	179	3	Ehal	0.022530731088463
30309	179	3	Fpr	0.0199099500001882
30309	180	7	Bbv	2.210161615858e-06
30309	180	7	Blg	3.18263272683552e-05
30309	180	7	Bad	6.36526545367103e-06
30309	180	7	Rint	0.00284058811516533
30309	180	7	Bfr	0.00866180018547676
30309	180	7	Ehal	0.0147343518347436
30309	180	7	Fpr	0.0799352687865948
30309	181	14	Bbv	6.55379103574335e-07
30309	181	14	Blg	2.2657391866427e-05
30309	181	14	Bad	5.52390958726939e-06
30309	181	14	Rint	0.00477630928126353
30309	181	14	Bfr	0.00794263298180359
30309	181	14	Ehal	0.0177769709332814
30309	181	14	Fpr	0.0273873564825092
30310	182	0	Bbv	0
30310	182	0	Blg	1.6065758347855e-05
30310	182	0	Bad	1.19893719013843e-07
30310	182	0	Rint	0.0433208378101148
30310	182	0	Bfr	0.00217241424167133
30310	182	0	Ehal	0.0183385835792004
30310	182	0	Fpr	0.0376685083740667
30310	183	1	Bbv	0
30310	183	1	Blg	1.24577582396846e-05
30310	183	1	Bad	1.26474702940961e-07
30310	183	1	Rint	0.0278876719984818
30310	183	1	Bfr	0.00245715052873698
30310	183	1	Ehal	0.0259404042346513
30310	183	1	Fpr	0.0273992266957238
30310	184	3	Bbv	0
30310	184	3	Blg	6.20017682167641e-06
30310	184	3	Bad	6.13878893235288e-08
30310	184	3	Rint	0.00986079804992775
30310	184	3	Bfr	0.00453490754799704
30310	184	3	Ehal	0.0127678215488435
30310	184	3	Fpr	0.00232457520501406
30310	185	7	Bbv	0
30310	185	7	Blg	1.02165299421623e-05
30310	185	7	Bad	1.34428025554768e-07
30310	185	7	Rint	0.00420598406355757
30310	185	7	Bfr	0.00318607863367355
30310	185	7	Ehal	0.0168260198886264
30310	185	7	Fpr	0.0169845105307555
30310	186	14	Bbv	0
30310	186	14	Blg	1.35036427544117e-05
30310	186	14	Bad	0
30310	186	14	Rint	0.00970951055035694
30310	186	14	Bfr	0.00378291178592068
30310	186	14	Ehal	0.0235275207174909
30310	186	14	Fpr	0.0291658460648656
30312	187	0	Bbv	0.000601941737263952
30312	187	0	Blg	0.00471667911642301
30312	187	0	Bad	0.0179847746647193
30312	187	0	Rint	0.00456717585904646
30312	187	0	Bfr	0.00111118720770282
30312	187	0	Ehal	0.0252628650579139
30312	187	0	Fpr	0.092231405134184
30312	188	1	Bbv	0.000421871830156259
30312	188	1	Blg	0.00331670451129106
30312	188	1	Bad	0.0133942106279438
30312	188	1	Rint	0.00782227610362502
30312	188	1	Bfr	0.00146301044413865
30312	188	1	Ehal	0.0148255440215678
30312	188	1	Fpr	0.0758025952694627
30312	189	3	Bbv	0.000600018474708079
30312	189	3	Blg	0.00469348593624224
30312	189	3	Bad	0.0186770197838641
30312	189	3	Rint	0.00294066387907894
30312	189	3	Bfr	0.00210857394820438
30312	189	3	Ehal	0.01399654805085
30312	189	3	Fpr	0.0650559087440429
30312	190	7	Bbv	9.31658053351541e-05
30312	190	7	Blg	0.000386918601229016
30312	190	7	Bad	7.37600946483648e-05
30312	190	7	Rint	0.00837940426859417
30312	190	7	Bfr	0.00198499267181504
30312	190	7	Ehal	0.0106060026369694
30312	190	7	Fpr	0.0436453747086384
30312	191	14	Bbv	2.66308100285135e-05
30312	191	14	Blg	0.000155794878180746
30312	191	14	Bad	6.30973896145965e-06
30312	191	14	Rint	0.00649105116632277
30312	191	14	Bfr	0.00151832733274065
30312	191	14	Ehal	0.0104544951369079
30312	191	14	Fpr	0.0373330552099375
30314	192	0	Bbv	0.000314028458592796
30314	192	0	Blg	0.00307136303471918
30314	192	0	Bad	0.0960423503693547
30314	192	0	Rint	0.0100825276509753
30314	192	0	Bfr	0.00336534281485066
30314	192	0	Ehal	0.0768986301014774
30314	192	0	Fpr	0.0277464934388843
30314	193	3	Bbv	8.10158218362994e-05
30314	193	3	Blg	0.000809866794543439
30314	193	3	Bad	0.0397021969130349
30314	193	3	Rint	0.00549108046401083
30314	193	3	Bfr	0.0033700979052893
30314	193	3	Ehal	0.117275647736795
30314	193	3	Fpr	0.00556677780114025
30314	194	7	Bbv	6.48984087774607e-05
30314	194	7	Blg	0.000666207378903237
30314	194	7	Bad	1.93843884945796e-05
30314	194	7	Rint	0.0105277530743247
30314	194	7	Bfr	0.00353345968112681
30314	194	7	Ehal	0.154801827371542
30314	194	7	Fpr	0.0165739141140614
30314	195	14	Bbv	2.79184303232897e-05
30314	195	14	Blg	0.000257105952722132
30314	195	14	Bad	3.63224476144841e-06
30314	195	14	Rint	0.00516483838932308
30314	195	14	Bfr	0.00405686129611028
30314	195	14	Ehal	0.139794346574836
30314	195	14	Fpr	0.0119826330270473
30313	196	0	Bbv	4.39937370875015e-05
30313	196	0	Blg	0.000393519489090855
30313	196	0	Bad	0.00534883038160796
30313	196	0	Rint	0.00776992245161115
30313	196	0	Bfr	0.0027134259637928
30313	196	0	Ehal	0.0174059874039646
30313	196	0	Fpr	0.0944507826351153
30313	197	1	Bbv	1.90388835170522e-05
30313	197	1	Blg	0.000189777144133829
30313	197	1	Bad	0.0015542304628559
30313	197	1	Rint	0.00211033407658892
30313	197	1	Bfr	0.00340903060886655
30313	197	1	Ehal	0.0201972734177885
30313	197	1	Fpr	0.0489387236974766
30313	198	3	Bbv	7.33109624299487e-05
30313	198	3	Blg	0.000706644998853331
30313	198	3	Bad	0.0109129055496478
30313	198	3	Rint	0.00220256782705754
30313	198	3	Bfr	0.00239587809113738
30313	198	3	Ehal	0.0414388635157647
30313	198	3	Fpr	0.0856257821383054
30313	199	7	Bbv	1.53890711125898e-06
30313	199	7	Blg	3.99089910853163e-05
30313	199	7	Bad	3.89856468185609e-05
30313	199	7	Rint	0.00433530652003139
30313	199	7	Bfr	0.00249897996106975
30313	199	7	Ehal	0.0114873260227038
30313	199	7	Fpr	0.0529056772027429
30313	200	14	Bbv	1.74025827347062e-07
30313	200	14	Blg	2.16662155047093e-05
30313	200	14	Bad	9.57142050408843e-07
30313	200	14	Rint	0.00445897676120011
30313	200	14	Bfr	0.00321825962512923
30313	200	14	Ehal	0.0110515971785889
30313	200	14	Fpr	0.0676872585337262
30316	201	0	Bbv	0.00115536410943555
30316	201	0	Blg	0.0116268547152384
30316	201	0	Bad	6.12499426101331e-05
30316	201	0	Rint	0.00604942880594004
30316	201	0	Bfr	0.00256462405777086
30316	201	0	Ehal	0.00360648660410583
30316	201	0	Fpr	0.0363081274992712
30316	202	1	Bbv	0.000181777338253027
30316	202	1	Blg	0.00167866465954189
30316	202	1	Bad	1.34912868234668e-05
30316	202	1	Rint	0.00321079716076192
30316	202	1	Bfr	0.00941446524153922
30316	202	1	Ehal	0.00665204357491989
30316	202	1	Fpr	0.0750007746193391
30316	203	3	Bbv	4.89072884810896e-05
30316	203	3	Blg	0.000534231182537337
30316	203	3	Bad	5.19746445530743e-06
30316	203	3	Rint	0.00314046139170035
30316	203	3	Bfr	0.00568116946699235
30316	203	3	Ehal	0.0138520948167476
30316	203	3	Fpr	0.0789449692463472
30316	204	7	Bbv	3.10166794520004e-07
30316	204	7	Blg	3.01637207670704e-05
30316	204	7	Bad	0
30316	204	7	Rint	0.00418376234958171
30316	204	7	Bfr	0.00547242783911369
30316	204	7	Ehal	0.00370850927867843
30316	204	7	Fpr	0.0651810090764885
30316	205	14	Bbv	0
30316	205	14	Blg	2.47433703555581e-05
30316	205	14	Bad	2.0705749251513e-07
30316	205	14	Rint	0.0122313001978538
30316	205	14	Bfr	0.00502487122835719
30316	205	14	Ehal	0.00470382858621248
30316	205	14	Fpr	0.0370121479595571
NA	170	NA	Bbv	0.000338652217071392
NA	170	NA	Blg	0.00274750582214895
NA	170	NA	Bad	0.000360746192064756
NA	170	NA	Rint	0.000763157633472429
NA	170	NA	Bfr	0.00572754767944906
NA	170	NA	Ehal	0.000473006370714277
NA	170	NA	Fpr	0.0293740007867571
NA	171	NA	Bbv	6.80684911226324e-05
NA	171	NA	Blg	0.000536894186466272
NA	171	NA	Bad	6.25885926357139e-05
NA	171	NA	Rint	0.000383457028832554
NA	171	NA	Bfr	0.00276947729150447
NA	171	NA	Ehal	0.000409090272994503
NA	171	NA	Fpr	0.00198096065881242
